### mode        4 :    6.277723e-07
  -8.955952e-17   0.000000e+00
  -7.858361e-16   0.000000e+00
  -7.063637e-01   0.000000e+00
  -2.642363e-16   0.000000e+00
  -7.861227e-16   0.000000e+00
   7.063637e-01   0.000000e+00
   1.108538e-16   0.000000e+00
  -8.038558e-18   0.000000e+00
   2.291614e-02   0.000000e+00
  -2.604011e-16   0.000000e+00
  -3.806388e-16   0.000000e+00
   2.291614e-02   0.000000e+00
  -2.527711e-16   0.000000e+00
  -8.808331e-17   0.000000e+00
  -2.291614e-02   0.000000e+00
   1.269835e-17   0.000000e+00
  -3.489342e-16   0.000000e+00
  -2.291614e-02   0.000000e+00
